"destino" "tempo" "distancia" "destino.1" "tempo.1" "distancia.1" "destino.2" "tempo.2" "distancia.2" "destino.3" "tempo.3" "distancia.3" "destino.4" "tempo.4" "distancia.4" "destino.5" "tempo.5" "distancia.5" "destino.6" "tempo.6" "distancia.6" "destino.7" "tempo.7" "distancia.7" "destino.8" "tempo.8" "distancia.8" "destino.9" "tempo.9" "distancia.9" "destino.10" "tempo.10" "distancia.10"
"1" 73 0.1 3.6 215 0.1 5.1 215 0.1 5.1 249 0.1 7.1 73 0.1 3.6 62 1.4 100.7 73 0.1 3.6 73 0.1 3.6 73 0.1 3.6 73 0.1 3.6 62 1.4 100.7
"2" 16 0.2 7.8 106 0.1 7.2 6 0 2.2 6 0 2.2 6 0 2.2 106 0.1 7.2 6 0 2.2 6 0 2.2 6 0 2.2 6 0 2.2 6 0 2.2
"3" 59 0.1 5 161 0.2 11.4 123 0.1 5.7 161 0.2 11.4 223 0.2 11.7 161 0.2 11.4 161 0.2 11.4 39 0.4 10 39 0.4 10 39 0.4 10 39 0.4 10
"4" 250 0.1 7.8 250 0.1 7.8 193 0.1 5 250 0.1 7.8 193 0.1 5 250 0.1 7.8 193 0.1 5 194 0.1 3.2 194 0.1 3.2 194 0.1 3.2 194 0.1 3.2
"5" 87 0.1 5.4 87 0.1 5.4 159 0.1 8.9 226 0.1 7.6 87 0.1 5.4 87 0.1 5.4 87 0.1 5.4 87 0.1 5.4 87 0.1 5.4 87 0.1 5.4 87 0.1 5.4
"6" 2 0 2.2 2 0 2.2 131 0.1 9 64 0.1 9.2 64 0.1 9.2 2 0 2.2 106 0.1 7.3 106 0.1 7.3 106 0.1 7.3 106 0.1 7.3 106 0.1 7.3
"7" 115 0.1 8.1 149 0.1 2.2 149 0.1 2.2 115 0.1 8.1 159 0.1 5.8 115 0.1 8.1 115 0.1 8.1 149 0.1 2.2 115 0.1 8.1 115 0.1 8.1 149 0.1 2.2
"8" 248 0 2 162 0 1 162 0 1 166 0.1 6 162 0 1 162 0 1 162 0 1 237 0.1 5 237 0.1 5 237 0.1 5 237 0.1 5
"9" 11 0.2 6.1 93 0.4 13.9 11 0.2 6.1 11 0.2 6.1 11 0.2 6.1 11 0.2 6.1 11 0.2 6.1 11 0.2 6.1 11 0.2 6.1 11 0.2 6.1 126 0.3 5.8
"10" 94 0.1 5 94 0.1 5 213 0.1 9.4 94 0.1 5 213 0.1 9.4 94 0.1 5 94 0.1 5 94 0.1 5 94 0.1 5 94 0.1 5 94 0.1 5
"11" 126 0 2.2 9 0.1 6.1 126 0 2.2 126 0 2.2 126 0 2.2 126 0 2.2 126 0 2.2 126 0 2.2 126 0 2.2 126 0 2.2 93 0.5 11
"12" 170 0.1 6.3 170 0.1 6.3 170 0.1 6.3 170 0.1 6.3 170 0.1 6.3 23 0.1 3.6 170 0.1 6.3 170 0.1 6.3 170 0.1 6.3 170 0.1 6.3 23 0.1 3.6
"13" 37 0.2 5.1 192 0.2 8.9 95 0.3 13.5 192 0.2 8.9 246 0.2 18.7 235 0.2 9 37 0.2 5.1 37 0.2 5.1 37 0.2 5.1 37 0.2 5.1 37 0.2 5.1
"14" 128 0.1 11.2 128 0.1 11.2 83 0 2.8 128 0.1 11.2 83 0 2.8 83 0 2.8 128 0.1 11.2 83 0 2.8 83 0 2.8 83 0 2.8 83 0 2.8
"15" 55 0.2 8.9 55 0.2 8.9 145 0.1 8.1 55 0.2 8.9 55 0.2 8.9 55 0.2 8.9 55 0.2 8.9 55 0.2 8.9 55 0.2 8.9 55 0.2 8.9 55 0.2 8.9
"16" 64 0.1 3 36 0.1 10.3 106 0 2.2 36 0.1 10.3 106 0 2.2 241 0.3 16.1 64 0.1 3 64 0.1 3 64 0.1 3 241 0.3 16.1 64 0.1 3
"17" 216 0 3.2 216 0 3.2 216 0 3.2 216 0 3.2 216 0 3.2 216 0 3.2 216 0 3.2 216 0 3.2 216 0 3.2 110 0.3 7.3 216 0 3.2
"18" 3 0.2 14.6 59 0.1 10 59 0.1 10 59 0.1 10 59 0.1 10 59 0.1 10 59 0.1 10 123 0.2 10 59 0.1 10 123 0.2 10 59 0.1 10
"19" 205 0.1 6.7 86 0.1 6.1 100 0.1 5.8 118 0 3.6 86 0.1 6.1 86 0.1 6.1 86 0.1 6.1 86 0.1 6.1 86 0.1 6.1 86 0.1 6.1 86 0.1 6.1
"20" 6 0.2 12.4 6 0.2 12.4 2 0.4 10.8 125 0.1 6.1 125 0.1 6.1 6 0.2 12.4 2 0.4 10.8 2 0.4 10.8 2 0.4 10.8 2 0.4 10.8 125 0.1 6.1
"21" 200 0.1 5.1 200 0.1 5.1 108 0 2.8 200 0.1 5.1 200 0.1 5.1 200 0.1 5.1 108 0 2.8 108 0 2.8 200 0.1 5.1 200 0.1 5.1 200 0.1 5.1
"22" 171 0.1 7.6 90 0.1 4.1 171 0.1 7.6 90 0.1 4.1 171 0.1 7.6 90 0.1 4.1 171 0.1 7.6 90 0.1 4.1 90 0.1 4.1 90 0.1 4.1 171 0.1 7.6
"23" 12 0.1 3.6 121 0.1 3.6 12 0.1 3.6 12 0.1 3.6 12 0.1 3.6 146 0.1 5.8 12 0.1 3.6 12 0.1 3.6 12 0.1 3.6 12 0.1 3.6 121 0.1 3.6
"24" 85 0 3.2 110 0 1 85 0 3.2 139 0 2.2 139 0 2.2 110 0 1 110 0 1 110 0 1 110 0 1 139 0 2.2 110 0 1
"25" 69 0.2 8.5 69 0.2 8.5 69 0.2 8.5 69 0.2 8.5 69 0.2 8.5 69 0.2 8.5 32 0.3 8 32 0.3 8 32 0.3 8 32 0.3 8 32 0.3 8
"26" 74 0.1 10 164 0 2 164 0 2 164 0 2 164 0 2 164 0 2 98 0 3.6 240 0.2 5.7 240 0.2 5.7 98 0 3.6 240 0.2 5.7
"27" 40 0.1 6 40 0.1 6 40 0.1 6 40 0.1 6 40 0.1 6 40 0.1 6 47 0.2 4.1 47 0.2 4.1 47 0.2 4.1 47 0.2 4.1 47 0.2 4.1
"28" 97 0.2 15.3 97 0.2 15.3 202 0.1 9.2 211 0.3 7.1 211 0.3 7.1 88 0.1 4.1 88 0.1 4.1 211 0.3 7.1 211 0.3 7.1 211 0.3 7.1 211 0.3 7.1
"29" 50 0.1 9.1 50 0.1 9.1 50 0.1 9.1 50 0.1 9.1 50 0.1 9.1 66 0.1 2 66 0.1 2 66 0.1 2 66 0.1 2 66 0.1 2 66 0.1 2
"30" 209 0 3.2 209 0 3.2 209 0 3.2 209 0 3.2 2 0.1 9.2 209 0 3.2 209 0 3.2 209 0 3.2 209 0 3.2 209 0 3.2 209 0 3.2
"31" 49 0.1 8.6 49 0.1 8.6 49 0.1 8.6 49 0.1 8.6 49 0.1 8.6 56 0.1 11.7 49 0.1 8.6 49 0.1 8.6 49 0.1 8.6 49 0.1 8.6 49 0.1 8.6
"32" 66 0.2 12.8 66 0.2 12.8 66 0.2 12.8 66 0.2 12.8 66 0.2 12.8 29 0.2 11.7 69 0.2 3 69 0.2 3 69 0.2 3 69 0.2 3 69 0.2 3
"33" 225 0 1 145 0 3.6 15 0.1 6.3 225 0 1 225 0 1 225 0 1 225 0 1 15 0.1 6.3 225 0 1 225 0 1 225 0 1
"34" 121 0.1 5.4 23 0.2 8.6 121 0.1 5.4 121 0.1 5.4 121 0.1 5.4 121 0.1 5.4 121 0.1 5.4 23 0.2 8.6 121 0.1 5.4 121 0.1 5.4 249 0.2 7.8
"35" 231 0.1 6.3 180 0.1 3 231 0.1 6.3 231 0.1 6.3 231 0.1 6.3 127 0.1 3.6 127 0.1 3.6 127 0.1 3.6 127 0.1 3.6 231 0.1 6.3 127 0.1 3.6
"36" 131 0.1 3 131 0.1 3 64 0.2 9.2 131 0.1 3 103 0.4 26.5 64 0.2 9.2 131 0.1 3 103 0.4 26.5 241 0.6 26 131 0.1 3 131 0.1 3
"37" 235 0.1 4.1 13 0.1 5.1 13 0.1 5.1 13 0.1 5.1 13 0.1 5.1 13 0.1 5.1 235 0.1 4.1 235 0.1 4.1 235 0.1 4.1 235 0.1 4.1 235 0.1 4.1
"38" 167 0.1 6.1 167 0.1 6.1 99 0.1 4.1 167 0.1 6.1 167 0.1 6.1 167 0.1 6.1 167 0.1 6.1 102 0.2 12.8 167 0.1 6.1 167 0.1 6.1 167 0.1 6.1
"39" 161 0.1 4.2 163 0.2 19.7 80 0.3 18.1 163 0.2 19.7 161 0.1 4.2 163 0.2 19.7 223 0.1 2 223 0.1 2 223 0.1 2 223 0.1 2 223 0.1 2
"40" 47 0 2.2 47 0 2.2 47 0 2.2 227 0.1 5.1 143 0.1 2.8 47 0 2.2 143 0.1 2.8 143 0.1 2.8 143 0.1 2.8 143 0.1 2.8 143 0.1 2.8
"41" 206 0.1 3 136 0.1 3.2 38 0.1 10.3 136 0.1 3.2 136 0.1 3.2 206 0.1 3 136 0.1 3.2 136 0.1 3.2 136 0.1 3.2 136 0.1 3.2 136 0.1 3.2
"42" 82 0.1 10.4 82 0.1 10.4 82 0.1 10.4 82 0.1 10.4 82 0.1 10.4 82 0.1 10.4 82 0.1 10.4 82 0.1 10.4 82 0.1 10.4 82 0.1 10.4 82 0.1 10.4
"43" 204 0.1 4.2 204 0.1 4.2 44 0.1 5 204 0.1 4.2 204 0.1 4.2 60 0.1 13 204 0.1 4.2 204 0.1 4.2 204 0.1 4.2 204 0.1 4.2 191 0.1 4.5
"44" 147 0.1 9.4 124 0.1 7.2 124 0.1 7.2 147 0.1 9.4 60 0.1 8.5 43 0.1 5 124 0.1 7.2 124 0.1 7.2 60 0.1 8.5 124 0.1 7.2 124 0.1 7.2
"45" 182 0 3.6 182 0 3.6 191 0 2.8 191 0 2.8 191 0 2.8 191 0 2.8 191 0 2.8 191 0 2.8 191 0 2.8 191 0 2.8 43 0.2 6
"46" 91 0 3.6 91 0 3.6 91 0 3.6 91 0 3.6 114 0.1 6.7 91 0 3.6 91 0 3.6 91 0 3.6 91 0 3.6 91 0 3.6 114 0.1 6.7
"47" 143 0.1 5 143 0.1 5 143 0.1 5 27 0 4.1 27 0 4.1 143 0.1 5 40 0.1 2.2 40 0.1 2.2 40 0.1 2.2 40 0.1 2.2 40 0.1 2.2
"48" 113 0 1.4 104 0 3 113 0 1.4 104 0 3 104 0 3 113 0 1.4 113 0 1.4 113 0 1.4 243 0.1 5.8 243 0.1 5.8 104 0 3
"49" 56 0 4.1 56 0 4.1 56 0 4.1 56 0 4.1 56 0 4.1 31 0.3 8.6 56 0 4.1 56 0 4.1 56 0 4.1 56 0 4.1 56 0 4.1
"50" 218 0.1 7.3 218 0.1 7.3 218 0.1 7.3 218 0.1 7.3 218 0.1 7.3 218 0.1 7.3 218 0.1 7.3 218 0.1 7.3 218 0.1 7.3 218 0.1 7.3 218 0.1 7.3
"51" 125 0 1 20 0.1 6.3 125 0 1 2 0.1 8.2 230 0.1 9 20 0.1 6.3 125 0 1 125 0 1 125 0 1 125 0 1 20 0.1 6.3
"52" 207 0.1 6 207 0.1 6 207 0.1 6 207 0.1 6 207 0.1 6 170 0.1 5.1 207 0.1 6 207 0.1 6 207 0.1 6 207 0.1 6 207 0.1 6
"53" 165 0.2 15.3 165 0.2 15.3 165 0.2 15.3 165 0.2 15.3 165 0.2 15.3 165 0.2 15.3 117 0.1 2.2 117 0.1 2.2 117 0.1 2.2 117 0.1 2.2 165 0.2 15.3
"54" 208 0.1 9.1 208 0.1 9.1 208 0.1 9.1 208 0.1 9.1 208 0.1 9.1 208 0.1 9.1 208 0.1 9.1 208 0.1 9.1 208 0.1 9.1 208 0.1 9.1 208 0.1 9.1
"55" 177 0.1 8.1 177 0.1 8.1 177 0.1 8.1 177 0.1 8.1 177 0.1 8.1 177 0.1 8.1 177 0.1 8.1 177 0.1 8.1 177 0.1 8.1 177 0.1 8.1 177 0.1 8.1
"56" 41 0.1 5 206 0.1 5.8 206 0.1 5.8 206 0.1 5.8 206 0.1 5.8 136 0.1 6.7 206 0.1 5.8 206 0.1 5.8 206 0.1 5.8 206 0.1 5.8 206 0.1 5.8
"57" 158 0.1 9.2 158 0.1 9.2 158 0.1 9.2 158 0.1 9.2 158 0.1 9.2 222 0.2 7.8 158 0.1 9.2 61 0.2 6.3 61 0.2 6.3 61 0.2 6.3 61 0.2 6.3
"58" 238 0.1 5.4 238 0.1 5.4 221 0 3.6 181 0.1 6.4 221 0 3.6 155 0.2 7.1 238 0.1 5.4 238 0.1 5.4 238 0.1 5.4 238 0.1 5.4 238 0.1 5.4
"59" 123 0 1 123 0 1 3 0.1 5 123 0 1 123 0 1 123 0 1 123 0 1 3 0.1 5 123 0 1 3 0.1 5 123 0 1
"60" 186 0.1 14.4 186 0.1 14.4 147 0.1 2 186 0.1 14.4 147 0.1 2 147 0.1 2 147 0.1 2 147 0.1 2 124 0.1 5 147 0.1 2 147 0.1 2
"61" 222 0.1 4.1 222 0.1 4.1 152 0.1 10.3 222 0.1 4.1 222 0.1 4.1 152 0.1 10.3 222 0.1 4.1 158 0.1 3 158 0.1 3 158 0.1 3 158 0.1 3
"62" 183 1.2 87.4 1 1.3 100.7 117 1 68.5 1 1.3 100.7 117 1 68.5 117 1 68.5 1 1.3 100.7 1 1.3 100.7 1 1.3 100.7 1 1.3 100.7 117 1 68.5
"63" 1 0.2 17.5 183 0.2 12.2 183 0.2 12.2 183 0.2 12.2 183 0.2 12.2 183 0.2 12.2 183 0.2 12.2 183 0.2 12.2 183 0.2 12.2 183 0.2 12.2 183 0.2 12.2
"64" 36 0.1 9.2 16 0 3 16 0 3 16 0 3 16 0 3 16 0 3 36 0.1 9.2 131 0.2 6.3 131 0.2 6.3 36 0.1 9.2 36 0.1 9.2
"65" 124 0.1 10.2 60 0.2 7.8 186 0.2 6.7 124 0.1 10.2 186 0.2 6.7 186 0.2 6.7 186 0.2 6.7 186 0.2 6.7 186 0.2 6.7 186 0.2 6.7 186 0.2 6.7
"66" 29 0 2 29 0 2 29 0 2 29 0 2 29 0 2 50 0.1 7.1 50 0.1 7.1 50 0.1 7.1 50 0.1 7.1 50 0.1 7.1 50 0.1 7.1
"67" 146 0.2 13.9 146 0.2 13.9 146 0.2 13.9 146 0.2 13.9 146 0.2 13.9 34 0.1 5.8 146 0.2 13.9 146 0.2 13.9 146 0.2 13.9 146 0.2 13.9 146 0.2 13.9
"68" 192 0.1 5 95 0.1 2.8 107 0 1 107 0 1 107 0 1 107 0 1 107 0 1 95 0.1 2.8 107 0 1 107 0 1 107 0 1
"69" 32 0 3 32 0 3 32 0 3 32 0 3 32 0 3 32 0 3 29 0.2 9.2 29 0.2 9.2 29 0.2 9.2 29 0.2 9.2 29 0.2 9.2
"70" 107 0.1 7.3 107 0.1 7.3 109 0.1 7.1 235 0.1 5.1 140 0 3 140 0 3 95 0.2 4 107 0.1 7.3 95 0.2 4 95 0.2 4 68 0.3 6.3
"71" 212 0.1 4.1 212 0.1 4.1 212 0.1 4.1 212 0.1 4.1 212 0.1 4.1 212 0.1 4.1 212 0.1 4.1 92 0.1 3.2 92 0.1 3.2 92 0.1 3.2 92 0.1 3.2
"72" 246 0.1 5.8 113 0.1 9.9 104 0.1 8.5 113 0.1 9.9 113 0.1 9.9 104 0.1 8.5 104 0.1 8.5 104 0.1 8.5 246 0.1 5.8 246 0.1 5.8 246 0.1 5.8
"73" 215 0 2.2 34 0.1 10.8 1 0.1 3.6 34 0.1 10.8 34 0.1 10.8 1 0.1 3.6 215 0 2.2 215 0 2.2 215 0 2.2 215 0 2.2 1 0.1 3.6
"74" 17 0.1 4.1 77 0 3.2 77 0 3.2 77 0 3.2 77 0 3.2 17 0.1 4.1 17 0.1 4.1 17 0.1 4.1 17 0.1 4.1 77 0 3.2 17 0.1 4.1
"75" 122 0 3.2 122 0 3.2 122 0 3.2 122 0 3.2 21 0.1 10.4 122 0 3.2 200 0.3 9.2 245 0.5 11.2 122 0 3.2 21 0.1 10.4 108 0.3 9.4
"76" 38 0.1 7 99 0.1 3.2 136 0 2.2 99 0.1 3.2 99 0.1 3.2 102 0.1 8.5 99 0.1 3.2 99 0.1 3.2 99 0.1 3.2 99 0.1 3.2 99 0.1 3.2
"77" 240 0.1 5 17 0.1 3.6 17 0.1 3.6 17 0.1 3.6 17 0.1 3.6 74 0.2 3.2 74 0.2 3.2 74 0.2 3.2 74 0.2 3.2 216 0.1 6.1 74 0.2 3.2
"78" 159 0.1 2.2 7 0.1 7.3 172 0.1 2.8 159 0.1 2.2 242 0.1 9 149 0.1 5.8 159 0.1 2.2 159 0.1 2.2 159 0.1 2.2 149 0.1 5.8 159 0.1 2.2
"79" 83 0.1 8.5 83 0.1 8.5 199 0.1 3.6 83 0.1 8.5 14 0.2 5.7 14 0.2 5.7 83 0.1 8.5 14 0.2 5.7 14 0.2 5.7 199 0.1 3.6 14 0.2 5.7
"80" 188 0.1 10.6 188 0.1 10.6 153 0.1 3.6 188 0.1 10.6 188 0.1 10.6 188 0.1 10.6 188 0.1 10.6 188 0.1 10.6 163 0.1 6 163 0.1 6 188 0.1 10.6
"81" 176 0.1 2.2 176 0.1 2.2 187 0.1 3.6 176 0.1 2.2 155 0.1 5 176 0.1 2.2 176 0.1 2.2 176 0.1 2.2 176 0.1 2.2 176 0.1 2.2 176 0.1 2.2
"82" 31 0.2 5.1 31 0.2 5.1 31 0.2 5.1 31 0.2 5.1 31 0.2 5.1 49 0.2 12.8 31 0.2 5.1 31 0.2 5.1 31 0.2 5.1 31 0.2 5.1 31 0.2 5.1
"83" 14 0 2.8 14 0 2.8 128 0.1 9.8 14 0 2.8 128 0.1 9.8 128 0.1 9.8 14 0 2.8 128 0.1 9.8 128 0.1 9.8 128 0.1 9.8 128 0.1 9.8
"84" 197 0.1 7.1 197 0.1 7.1 197 0.1 7.1 197 0.1 7.1 197 0.1 7.1 197 0.1 7.1 197 0.1 7.1 197 0.1 7.1 197 0.1 7.1 197 0.1 7.1 197 0.1 7.1
"85" 133 0.3 8 24 0.1 3.2 110 0 3 220 0.1 6.7 110 0 3 220 0.1 6.7 220 0.1 6.7 139 0.1 2.2 133 0.3 8 133 0.3 8 133 0.3 8
"86" 100 0.1 5 100 0.1 5 198 0.2 7.3 100 0.1 5 100 0.1 5 100 0.1 5 100 0.1 5 100 0.1 5 100 0.1 5 100 0.1 5 100 0.1 5
"87" 226 0.1 2.2 116 0 3.2 7 0.1 8.5 7 0.1 8.5 226 0.1 2.2 226 0.1 2.2 226 0.1 2.2 226 0.1 2.2 78 0.2 5.1 226 0.1 2.2 226 0.1 2.2
"88" 28 0 4.1 28 0 4.1 28 0 4.1 28 0 4.1 28 0 4.1 202 0.1 6.3 97 0.2 14 28 0 4.1 28 0 4.1 28 0 4.1 28 0 4.1
"89" 214 0.3 24.7 214 0.3 24.7 214 0.3 24.7 214 0.3 24.7 214 0.3 24.7 214 0.3 24.7 214 0.3 24.7 214 0.3 24.7 214 0.3 24.7 214 0.3 24.7 214 0.3 24.7
"90" 22 0.1 4.1 171 0.1 5 22 0.1 4.1 150 0.2 8.1 22 0.1 4.1 171 0.1 5 22 0.1 4.1 171 0.1 5 171 0.1 5 171 0.1 5 22 0.1 4.1
"91" 114 0.1 5.8 114 0.1 5.8 114 0.1 5.8 114 0.1 5.8 46 0.2 3.6 114 0.1 5.8 114 0.1 5.8 114 0.1 5.8 114 0.1 5.8 114 0.1 5.8 46 0.2 3.6
"92" 71 0 3.2 71 0 3.2 71 0 3.2 71 0 3.2 71 0 3.2 71 0 3.2 71 0 3.2 212 0.1 2.2 212 0.1 2.2 212 0.1 2.2 212 0.1 2.2
"93" 244 0 1 244 0 1 244 0 1 244 0 1 244 0 1 244 0 1 244 0 1 132 0.3 9.1 132 0.3 9.1 244 0 1 244 0 1
"94" 184 0.1 5 184 0.1 5 10 0.2 5 184 0.1 5 10 0.2 5 184 0.1 5 184 0.1 5 184 0.1 5 184 0.1 5 184 0.1 5 184 0.1 5
"95" 178 0.1 11 235 0.1 9.1 246 0.2 10.3 140 0.1 5 70 0.1 4 68 0.1 2.8 68 0.1 2.8 109 0.1 5.1 68 0.1 2.8 68 0.1 2.8 109 0.1 5.1
"96" 54 0.1 8.5 54 0.1 8.5 54 0.1 8.5 54 0.1 8.5 54 0.1 8.5 54 0.1 8.5 54 0.1 8.5 54 0.1 8.5 54 0.1 8.5 54 0.1 8.5 54 0.1 8.5
"97" 211 0.1 8.9 194 0 4.1 4 0.1 2.2 4 0.1 2.2 4 0.1 2.2 211 0.1 8.9 194 0 4.1 4 0.1 2.2 4 0.1 2.2 4 0.1 2.2 4 0.1 2.2
"98" 26 0 3.6 26 0 3.6 26 0 3.6 26 0 3.6 26 0 3.6 26 0 3.6 240 0.2 9.2 164 0.1 2.2 164 0.1 2.2 240 0.2 9.2 164 0.1 2.2
"99" 136 0.1 5 38 0.1 4.1 76 0.1 3.2 38 0.1 4.1 38 0.1 4.1 38 0.1 4.1 38 0.1 4.1 167 0.1 5.8 38 0.1 4.1 38 0.1 4.1 38 0.1 4.1
"100" 173 0.1 9.5 198 0.1 5.8 86 0.1 5 198 0.1 5.8 198 0.1 5.8 198 0.1 5.8 198 0.1 5.8 119 0.4 11 198 0.1 5.8 198 0.1 5.8 198 0.1 5.8
"101" 168 0.3 9.5 168 0.3 9.5 168 0.3 9.5 168 0.3 9.5 168 0.3 9.5 168 0.3 9.5 168 0.3 9.5 168 0.3 9.5 168 0.3 9.5 168 0.3 9.5 168 0.3 9.5
"102" 144 0.2 16.4 248 0.2 18.9 248 0.2 18.9 248 0.2 18.9 248 0.2 18.9 248 0.2 18.9 144 0.2 16.4 162 0.3 17.8 144 0.2 16.4 144 0.2 16.4 144 0.2 16.4
"103" 154 0.1 11.4 154 0.1 11.4 241 0.1 2.2 154 0.1 11.4 241 0.1 2.2 245 0.1 12.4 154 0.1 11.4 241 0.1 2.2 154 0.1 11.4 154 0.1 11.4 154 0.1 11.4
"104" 48 0 3 243 0.1 8.5 48 0 3 243 0.1 8.5 243 0.1 8.5 48 0 3 48 0 3 48 0 3 113 0.1 4.1 113 0.1 4.1 113 0.1 4.1
"105" 180 0 2 127 0.1 7.6 180 0 2 180 0 2 180 0 2 180 0 2 180 0 2 180 0 2 180 0 2 180 0 2 180 0 2
"106" 241 0.2 15 64 0.1 5.1 103 0.2 16.1 241 0.2 15 131 0.2 9.9 131 0.2 9.9 16 0.1 2.2 16 0.1 2.2 16 0.1 2.2 64 0.1 5.1 16 0.1 2.2
"107" 68 0 1 109 0.1 3.6 192 0.1 5.7 246 0.1 6.7 192 0.1 5.7 109 0.1 3.6 109 0.1 3.6 68 0 1 109 0.1 3.6 109 0.1 3.6 95 0.1 3.6
"108" 21 0.1 2.8 21 0.1 2.8 101 0.2 22 101 0.2 22 101 0.2 22 21 0.1 2.8 245 0.3 17.1 122 0.4 9.2 101 0.2 22 101 0.2 22 21 0.1 2.8
"109" 13 0.3 11.2 68 0 3.2 68 0 3.2 68 0 3.2 235 0.1 10.8 192 0.1 2.2 192 0.1 2.2 192 0.1 2.2 192 0.1 2.2 192 0.1 2.2 192 0.1 2.2
"110" 139 0 1.4 133 0.2 11 133 0.2 11 24 0 1 133 0.2 11 139 0 1.4 139 0 1.4 85 0.1 3 139 0 1.4 24 0 1 139 0 1.4
"111" 224 0.1 3.2 224 0.1 3.2 224 0.1 3.2 224 0.1 3.2 224 0.1 3.2 224 0.1 3.2 224 0.1 3.2 224 0.1 3.2 224 0.1 3.2 224 0.1 3.2 224 0.1 3.2
"112" 9 0.1 6.1 126 0.2 11.7 9 0.1 6.1 9 0.1 6.1 9 0.1 6.1 9 0.1 6.1 9 0.1 6.1 9 0.1 6.1 9 0.1 6.1 9 0.1 6.1 9 0.1 6.1
"113" 243 0.1 5.7 48 0 1.4 243 0.1 5.7 48 0 1.4 48 0 1.4 243 0.1 5.7 243 0.1 5.7 243 0.1 5.7 48 0 1.4 48 0 1.4 243 0.1 5.7
"114" 210 0 3 210 0 3 210 0 3 210 0 3 210 0 3 210 0 3 210 0 3 210 0 3 210 0 3 210 0 3 210 0 3
"115" 242 0.1 3 191 0.2 15 156 0 2 156 0 2 156 0 2 242 0.1 3 156 0 2 242 0.1 3 156 0 2 156 0 2 156 0 2
"116" 78 0 4.5 172 0 2 226 0 2.2 78 0 4.5 172 0 2 172 0 2 172 0 2 78 0 4.5 149 0.1 3.2 172 0 2 172 0 2
"117" 63 0.6 46.2 62 1.3 68.5 53 0.1 2.2 62 1.3 68.5 53 0.1 2.2 53 0.1 2.2 62 1.3 68.5 62 1.3 68.5 62 1.3 68.5 62 1.3 68.5 53 0.1 2.2
"118" 185 0 2.2 185 0 2.2 205 0.1 3.2 185 0 2.2 185 0 2.2 185 0 2.2 185 0 2.2 185 0 2.2 185 0 2.2 185 0 2.2 185 0 2.2
"119" 198 0.2 6.7 173 0.1 3.6 173 0.1 3.6 145 0.1 8.1 145 0.1 8.1 173 0.1 3.6 173 0.1 3.6 173 0.1 3.6 173 0.1 3.6 173 0.1 3.6 173 0.1 3.6
"120" 89 0 3.2 89 0 3.2 89 0 3.2 89 0 3.2 89 0 3.2 89 0 3.2 89 0 3.2 89 0 3.2 89 0 3.2 89 0 3.2 89 0 3.2
"121" 23 0.1 3.6 12 0.1 7.2 23 0.1 3.6 23 0.1 3.6 23 0.1 3.6 249 0.1 8 23 0.1 3.6 34 0.1 5.4 23 0.1 3.6 23 0.1 3.6 34 0.1 5.4
"122" 108 0.1 9.2 108 0.1 9.2 154 0.1 2.8 245 0.2 14.3 75 0.1 3.2 154 0.1 2.8 75 0.1 3.2 154 0.1 2.8 21 0.2 11 75 0.1 3.2 75 0.1 3.2
"123" 195 0.2 22.2 3 0.1 5.7 195 0.2 22.2 3 0.1 5.7 3 0.1 5.7 3 0.1 5.7 3 0.1 5.7 59 0 1 3 0.1 5.7 59 0 1 3 0.1 5.7
"124" 60 0.1 5 147 0.1 4.1 60 0.1 5 60 0.1 5 65 0.1 10.2 65 0.1 10.2 60 0.1 5 60 0.1 5 147 0.1 4.1 60 0.1 5 60 0.1 5
"125" 20 0.2 6.1 51 0 1 20 0.2 6.1 51 0 1 51 0 1 51 0 1 20 0.2 6.1 20 0.2 6.1 20 0.2 6.1 20 0.2 6.1 2 0.2 9.2
"126" 93 0.1 9.2 11 0 2.2 93 0.1 9.2 93 0.1 9.2 93 0.1 9.2 93 0.1 9.2 93 0.1 9.2 244 0.3 9.5 244 0.3 9.5 93 0.1 9.2 11 0 2.2
"127" 35 0 3.6 35 0 3.6 35 0 3.6 35 0 3.6 35 0 3.6 231 0.1 5 231 0.1 5 231 0.1 5 231 0.1 5 35 0 3.6 138 0.1 7.1
"128" 189 0.1 5.1 189 0.1 5.1 189 0.1 5.1 189 0.1 5.1 201 0.1 4.1 201 0.1 4.1 201 0.1 4.1 189 0.1 5.1 201 0.1 4.1 189 0.1 5.1 201 0.1 4.1
"129" 199 0.1 4.2 199 0.1 4.2 14 0.1 9.2 199 0.1 4.2 175 0 2.2 199 0.1 4.2 199 0.1 4.2 199 0.1 4.2 175 0 2.2 79 0.1 7.8 199 0.1 4.2
"130" 140 0 3 37 0.1 8.5 70 0 4.2 95 0.1 7.6 37 0.1 8.5 234 0.3 16 234 0.3 16 234 0.3 16 234 0.3 16 234 0.3 16 234 0.3 16
"131" 106 0.1 9.9 241 0.6 23.1 36 0.1 3 106 0.1 9.9 36 0.1 3 36 0.1 3 241 0.6 23.1 36 0.1 3 36 0.1 3 16 0.3 7.8 241 0.6 23.1
"132" 92 0.1 8.1 92 0.1 8.1 92 0.1 8.1 92 0.1 8.1 92 0.1 8.1 92 0.1 8.1 92 0.1 8.1 71 0.2 8.1 71 0.2 8.1 71 0.2 8.1 71 0.2 8.1
"133" 220 0.1 3.6 220 0.1 3.6 220 0.1 3.6 42 0.3 9.1 220 0.1 3.6 42 0.3 9.1 42 0.3 9.1 220 0.1 3.6 220 0.1 3.6 220 0.1 3.6 220 0.1 3.6
"134" 145 0.1 5.1 33 0 3.6 33 0 3.6 15 0.1 9.8 173 0.1 4.5 33 0 3.6 145 0.1 5.1 145 0.1 5.1 145 0.1 5.1 33 0 3.6 33 0 3.6
"135" 190 0.1 4.2 203 0.2 8.1 157 0.1 3.6 157 0.1 3.6 203 0.2 8.1 203 0.2 8.1 157 0.1 3.6 157 0.1 3.6 157 0.1 3.6 157 0.1 3.6 157 0.1 3.6
"136" 76 0 2.2 76 0 2.2 167 0.1 10.6 76 0 2.2 76 0 2.2 41 0 3.2 76 0 2.2 76 0 2.2 76 0 2.2 76 0 2.2 76 0 2.2
"137" 151 0 2.2 151 0 2.2 151 0 2.2 151 0 2.2 151 0 2.2 151 0 2.2 148 0 0 57 0.1 4.1 148 0 0 151 0 2.2 148 0 0
"138" 46 0.1 7.1 46 0.1 7.1 46 0.1 7.1 46 0.1 7.1 91 0.1 8.5 46 0.1 7.1 46 0.1 7.1 46 0.1 7.1 46 0.1 7.1 46 0.1 7.1 228 0.1 5
"139" 24 0 2.2 85 0 2.2 24 0 2.2 85 0 2.2 85 0 2.2 85 0 2.2 85 0 2.2 133 0.3 10 85 0 2.2 85 0 2.2 85 0 2.2
"140" 70 0 3 70 0 3 130 0.1 3 70 0 3 68 0.1 7.8 95 0.1 5 70 0 3 70 0 3 70 0 3 70 0 3 70 0 3
"141" 232 0 2.2 232 0 2.2 232 0 2.2 217 0 1 232 0 2.2 232 0 2.2 232 0 2.2 232 0 2.2 232 0 2.2 232 0 2.2 232 0 2.2
"142" 111 0.1 12.2 111 0.1 12.2 111 0.1 12.2 111 0.1 12.2 111 0.1 12.2 111 0.1 12.2 111 0.1 12.2 111 0.1 12.2 111 0.1 12.2 111 0.1 12.2 111 0.1 12.2
"143" 227 0 3.2 227 0 3.2 227 0 3.2 233 0.1 7 227 0 3.2 227 0 3.2 227 0 3.2 227 0 3.2 227 0 3.2 227 0 3.2 227 0 3.2
"144" 162 0.1 4.5 237 0 0 237 0 0 120 0.1 10.8 166 0.1 5 166 0.1 5 237 0 0 166 0.1 5 162 0.1 4.5 162 0.1 4.5 162 0.1 4.5
"145" 33 0 3.6 225 0.1 2.8 225 0.1 2.8 33 0 3.6 33 0 3.6 15 0.2 8.1 33 0 3.6 225 0.1 2.8 33 0 3.6 15 0.2 8.1 15 0.2 8.1
"146" 53 0.5 28.8 53 0.5 28.8 62 1.6 93.2 53 0.5 28.8 62 1.6 93.2 105 0.1 9.2 165 1.1 26.4 165 1.1 26.4 165 1.1 26.4 165 1.1 26.4 52 0.3 7
"147" 65 0.1 6.7 65 0.1 6.7 65 0.1 6.7 65 0.1 6.7 124 0 4.1 124 0 4.1 65 0.1 6.7 65 0.1 6.7 65 0.1 6.7 65 0.1 6.7 65 0.1 6.7
"148" 57 0.1 4.1 239 0 4.1 137 0 0 57 0.1 4.1 137 0 0 57 0.1 4.1 151 0.1 2.2 137 0 0 151 0.1 2.2 57 0.1 4.1 151 0.1 2.2
"149" 172 0 3.2 242 0.1 7.8 116 0 3.2 172 0 3.2 7 0.1 2.2 7 0.1 2.2 7 0.1 2.2 115 0.3 6.3 7 0.1 2.2 7 0.1 2.2 115 0.3 6.3
"150" 118 0.1 7.1 205 0.2 4.5 118 0.1 7.1 171 0.1 3.2 118 0.1 7.1 205 0.2 4.5 205 0.2 4.5 205 0.2 4.5 205 0.2 4.5 205 0.2 4.5 205 0.2 4.5
"151" 148 0 2.2 57 0.1 5.1 57 0.1 5.1 148 0 2.2 57 0.1 5.1 148 0 2.2 57 0.1 5.1 148 0 2.2 57 0.1 5.1 148 0 2.2 57 0.1 5.1
"152" 230 0.1 5 230 0.1 5 230 0.1 5 20 0.3 19 209 0.1 12.5 230 0.1 5 230 0.1 5 230 0.1 5 230 0.1 5 230 0.1 5 230 0.1 5
"153" 80 0.1 3.6 80 0.1 3.6 163 0.1 3.6 80 0.1 3.6 163 0.1 3.6 80 0.1 3.6 80 0.1 3.6 163 0.1 3.6 188 0.4 12.1 80 0.1 3.6 163 0.1 3.6
"154" 75 0.1 3.2 75 0.1 3.2 200 0.2 12.4 75 0.1 3.2 122 0.1 2.8 101 0.3 19 122 0.1 2.8 101 0.3 19 75 0.1 3.2 122 0.1 2.8 122 0.1 2.8
"155" 164 0.1 8.9 98 0.1 6.7 238 0.1 6.4 238 0.1 6.4 58 0.1 7.1 181 0.1 5 164 0.1 8.9 98 0.1 6.7 98 0.1 6.7 164 0.1 8.9 98 0.1 6.7
"156" 45 0.1 11 115 0.1 2 45 0.1 11 242 0 1 45 0.1 11 45 0.1 11 242 0 1 45 0.1 11 242 0 1 242 0 1 242 0 1
"157" 217 0.1 8.6 135 0 3.6 190 0 1 190 0 1 135 0 3.6 135 0 3.6 190 0 1 190 0 1 190 0 1 190 0 1 190 0 1
"158" 61 0 3 61 0 3 222 0.2 5.7 61 0 3 61 0 3 61 0 3 61 0 3 222 0.2 5.7 222 0.2 5.7 222 0.2 5.7 222 0.2 5.7
"159" 149 0.1 5 78 0 2.2 78 0 2.2 149 0.1 5 78 0 2.2 78 0 2.2 149 0.1 5 7 0.1 5.8 172 0.1 3 78 0 2.2 7 0.1 5.8
"160" 213 0.1 5.8 63 1 74.9 63 1 74.9 63 1 74.9 63 1 74.9 63 1 74.9 63 1 74.9 63 1 74.9 63 1 74.9 63 1 74.9 63 1 74.9
"161" 153 0.2 19.1 195 0.1 7.3 39 0.1 4.2 195 0.1 7.3 195 0.1 7.3 195 0.1 7.3 39 0.1 4.2 195 0.1 7.3 195 0.1 7.3 195 0.1 7.3 195 0.1 7.3
"162" 8 0 1 144 0.1 4.5 144 0.1 4.5 8 0 1 237 0.1 4.5 237 0.1 4.5 248 0 2.2 248 0 2.2 248 0 2.2 248 0 2.2 248 0 2.2
"163" 247 0.2 23.3 153 0.1 3.6 247 0.2 23.3 153 0.1 3.6 80 0.2 6 153 0.1 3.6 153 0.1 3.6 80 0.2 6 153 0.1 3.6 188 0.7 15.7 80 0.2 6
"164" 98 0 2.2 240 0.1 7.2 240 0.1 7.2 240 0.1 7.2 240 0.1 7.2 240 0.1 7.2 26 0 2 26 0 2 26 0 2 26 0 2 26 0 2
"165" 117 0.3 17.2 117 0.3 17.2 249 0.5 40.5 117 0.3 17.2 249 0.5 40.5 4 0.2 7 53 0.3 15.3 53 0.3 15.3 53 0.3 15.3 53 0.3 15.3 202 0.1 12
"166" 120 0.1 6.1 120 0.1 6.1 120 0.1 6.1 237 0.1 5 120 0.1 6.1 120 0.1 6.1 120 0.1 6.1 120 0.1 6.1 120 0.1 6.1 120 0.1 6.1 120 0.1 6.1
"167" 102 0.1 9.2 102 0.1 9.2 102 0.1 9.2 102 0.1 9.2 102 0.1 9.2 76 0.1 8.5 102 0.1 9.2 38 0.2 6.1 102 0.1 9.2 102 0.1 9.2 102 0.1 9.2
"168" 219 0 3 219 0 3 219 0 3 219 0 3 219 0 3 219 0 3 219 0 3 219 0 3 219 0 3 219 0 3 219 0 3
"169" 112 0 1 112 0 1 112 0 1 112 0 1 112 0 1 112 0 1 112 0 1 112 0 1 112 0 1 112 0 1 112 0 1
"170" 52 0.1 5.1 52 0.1 5.1 52 0.1 5.1 52 0.1 5.1 52 0.1 5.1 12 0.1 6.3 52 0.1 5.1 52 0.1 5.1 52 0.1 5.1 52 0.1 5.1 12 0.1 6.3
"171" 150 0 3.2 150 0 3.2 150 0 3.2 205 0.1 7.1 150 0 3.2 150 0 3.2 150 0 3.2 150 0 3.2 150 0 3.2 150 0 3.2 150 0 3.2
"172" 7 0.1 5 226 0 4.1 87 0 4.2 87 0 4.2 149 0 3.2 159 0.1 3 78 0.1 2.8 116 0 2 226 0 4.1 159 0.1 3 78 0.1 2.8
"173" 119 0.1 3.6 134 0.1 4.5 134 0.1 4.5 134 0.1 4.5 119 0.1 3.6 134 0.1 4.5 134 0.1 4.5 198 0.1 4 134 0.1 4.5 134 0.1 4.5 134 0.1 4.5
"174" 239 0.1 4.5 148 0.1 8.1 239 0.1 4.5 239 0.1 4.5 239 0.1 4.5 239 0.1 4.5 239 0.1 4.5 239 0.1 4.5 239 0.1 4.5 239 0.1 4.5 239 0.1 4.5
"175" 129 0 2.2 129 0 2.2 129 0 2.2 129 0 2.2 199 0.1 6.4 129 0 2.2 129 0 2.2 129 0 2.2 199 0.1 6.4 129 0 2.2 129 0 2.2
"176" 221 0.1 3.6 187 0.1 2 155 0.1 6.3 221 0.1 3.6 238 0.1 10.4 187 0.1 2 187 0.1 2 187 0.1 2 187 0.1 2 187 0.1 2 187 0.1 2
"177" 84 0.1 6 84 0.1 6 84 0.1 6 84 0.1 6 84 0.1 6 84 0.1 6 84 0.1 6 84 0.1 6 84 0.1 6 84 0.1 6 84 0.1 6
"178" 234 0 2.8 234 0 2.8 234 0 2.8 234 0 2.8 234 0 2.8 179 0 2 179 0 2 179 0 2 72 0.1 4.2 179 0 2 179 0 2
"179" 72 0.1 3.2 72 0.1 3.2 72 0.1 3.2 72 0.1 3.2 72 0.1 3.2 246 0.1 4.5 246 0.1 4.5 246 0.1 4.5 178 0.1 2 72 0.1 3.2 72 0.1 3.2
"180" 127 0.1 5.8 231 0.1 6.1 127 0.1 5.8 193 0.1 11.4 127 0.1 5.8 35 0.1 3 35 0.1 3 35 0.1 3 35 0.1 3 127 0.1 5.8 35 0.1 3
"181" 155 0.1 5 155 0.1 5 98 0.1 9.1 155 0.1 5 98 0.1 9.1 238 0 2 155 0.1 5 155 0.1 5 155 0.1 5 155 0.1 5 155 0.1 5
"182" 191 0 1 43 0.1 3.6 204 0.1 6.1 43 0.1 3.6 43 0.1 3.6 204 0.1 6.1 43 0.1 3.6 43 0.1 3.6 43 0.1 3.6 43 0.1 3.6 204 0.1 6.1
"183" 67 0.1 6.4 67 0.1 6.4 67 0.1 6.4 67 0.1 6.4 67 0.1 6.4 67 0.1 6.4 67 0.1 6.4 67 0.1 6.4 67 0.1 6.4 67 0.1 6.4 67 0.1 6.4
"184" 160 0.2 12 213 0.1 7.3 94 0.1 5 213 0.1 7.3 94 0.1 5 213 0.1 7.3 213 0.1 7.3 213 0.1 7.3 213 0.1 7.3 213 0.1 7.3 213 0.1 7.3
"185" 19 0 4 19 0 4 19 0 4 86 0.1 7.8 205 0.1 3.6 19 0 4 19 0 4 19 0 4 19 0 4 19 0 4 19 0 4
"186" 96 0 3.6 96 0 3.6 96 0 3.6 96 0 3.6 96 0 3.6 96 0 3.6 96 0 3.6 96 0 3.6 96 0 3.6 96 0 3.6 96 0 3.6
"187" 81 0 3.6 221 0.1 5 58 0.1 8.6 81 0 3.6 81 0 3.6 221 0.1 5 221 0.1 5 221 0.1 5 221 0.1 5 221 0.1 5 221 0.1 5
"188" 163 0.3 15.7 247 0.1 7.6 229 0.1 10.3 247 0.1 7.6 247 0.1 7.6 247 0.1 7.6 247 0.1 7.6 247 0.1 7.6 247 0.1 7.6 247 0.1 7.6 247 0.1 7.6
"189" 201 0 1 201 0 1 201 0 1 201 0 1 95 0.2 12.2 70 0.1 12.2 140 0.2 9.2 201 0 1 140 0.2 9.2 201 0 1 140 0.2 9.2
"190" 203 0.1 5.4 157 0 1 203 0.1 5.4 203 0.1 5.4 157 0 1 157 0 1 203 0.1 5.4 203 0.1 5.4 203 0.1 5.4 203 0.1 5.4 203 0.1 5.4
"191" 43 0.1 4.5 45 0.1 2.8 182 0 1 182 0 1 182 0 1 182 0 1 182 0 1 182 0 1 182 0 1 182 0 1 182 0 1
"192" 109 0 2.2 246 0.1 10 235 0.1 9.4 109 0 2.2 109 0 2.2 37 0.1 9.1 13 0.3 8.9 13 0.3 8.9 13 0.3 8.9 13 0.3 8.9 13 0.3 8.9
"193" 4 0.1 5 4 0.1 5 250 0.2 8.2 127 0.2 14.1 250 0.2 8.2 194 0.1 5 250 0.2 8.2 250 0.2 8.2 250 0.2 8.2 250 0.2 8.2 250 0.2 8.2
"194" 193 0.1 5 193 0.1 5 97 0.1 4.1 97 0.1 4.1 97 0.1 4.1 97 0.1 4.1 4 0.1 3.2 193 0.1 5 193 0.1 5 193 0.1 5 193 0.1 5
"195" 223 0.1 9.4 223 0.1 9.4 223 0.1 9.4 223 0.1 9.4 153 0.3 21.6 223 0.1 9.4 163 0.5 23.1 153 0.3 21.6 80 0.5 24.4 153 0.3 21.6 153 0.3 21.6
"196" 236 0.3 10.3 236 0.3 10.3 236 0.3 10.3 236 0.3 10.3 236 0.3 10.3 236 0.3 10.3 236 0.3 10.3 236 0.3 10.3 236 0.3 10.3 236 0.3 10.3 236 0.3 10.3
"197" 135 0.1 2.2 190 0.1 5.4 135 0.1 2.2 135 0.1 2.2 190 0.1 5.4 190 0.1 5.4 135 0.1 2.2 135 0.1 2.2 135 0.1 2.2 135 0.1 2.2 135 0.1 2.2
"198" 134 0.2 4.5 119 0.1 6.7 119 0.1 6.7 119 0.1 6.7 134 0.2 4.5 119 0.1 6.7 119 0.1 6.7 134 0.2 4.5 119 0.1 6.7 119 0.1 6.7 119 0.1 6.7
"199" 79 0 3.6 79 0 3.6 175 0.1 6.4 79 0 3.6 79 0 3.6 79 0 3.6 79 0 3.6 79 0 3.6 79 0 3.6 14 0.1 6.1 79 0 3.6
"200" 245 0.2 11.4 245 0.2 11.4 245 0.2 11.4 108 0.1 7.1 245 0.2 11.4 75 0.3 9.2 21 0.1 5.1 21 0.1 5.1 245 0.2 11.4 245 0.2 11.4 245 0.2 11.4
"201" 130 0.2 11.2 140 0.1 10.2 140 0.1 10.2 130 0.2 11.2 189 0 1 189 0 1 189 0 1 140 0.1 10.2 189 0 1 140 0.1 10.2 189 0 1
"202" 88 0.1 6.3 211 0.1 7 211 0.1 7 88 0.1 6.3 88 0.1 6.3 207 0.1 3.6 211 0.1 7 88 0.1 6.3 88 0.1 6.3 88 0.1 6.3 88 0.1 6.3
"203" 157 0.1 6.3 217 0.1 5.1 217 0.1 5.1 232 0.1 8.2 217 0.1 5.1 217 0.1 5.1 217 0.1 5.1 217 0.1 5.1 217 0.1 5.1 217 0.1 5.1 217 0.1 5.1
"204" 44 0 1 44 0 1 43 0.1 4.2 44 0 1 44 0 1 44 0 1 44 0 1 44 0 1 44 0 1 44 0 1 44 0 1
"205" 86 0.1 11.4 118 0.1 3.2 185 0 3.6 19 0.1 6.7 19 0.1 6.7 118 0.1 3.2 118 0.1 3.2 118 0.1 3.2 118 0.1 3.2 118 0.1 3.2 118 0.1 3.2
"206" 99 0.1 10.3 41 0 3 41 0 3 41 0 3 41 0 3 99 0.1 10.3 41 0 3 41 0 3 41 0 3 41 0 3 41 0 3
"207" 202 0 3.6 202 0 3.6 88 0.1 6.4 202 0 3.6 202 0 3.6 52 0.1 6 202 0 3.6 202 0 3.6 202 0 3.6 202 0 3.6 170 0.3 8.6
"208" 196 0.1 7.1 196 0.1 7.1 196 0.1 7.1 196 0.1 7.1 196 0.1 7.1 196 0.1 7.1 196 0.1 7.1 196 0.1 7.1 196 0.1 7.1 196 0.1 7.1 196 0.1 7.1
"209" 51 0.1 3.6 125 0.2 4.5 51 0.1 3.6 230 0.1 7.6 20 0.3 9.4 125 0.2 4.5 51 0.1 3.6 51 0.1 3.6 51 0.1 3.6 51 0.1 3.6 51 0.1 3.6
"210" 5 0.2 7.2 5 0.2 7.2 5 0.2 7.2 5 0.2 7.2 5 0.2 7.2 5 0.2 7.2 5 0.2 7.2 5 0.2 7.2 5 0.2 7.2 5 0.2 7.2 5 0.2 7.2
"211" 194 0.1 13 88 0.1 7.8 194 0.1 13 194 0.1 13 194 0.1 13 28 0.2 7.1 28 0.2 7.1 97 0.4 8.9 97 0.4 8.9 97 0.4 8.9 97 0.4 8.9
"212" 174 0 3 174 0 3 174 0 3 174 0 3 174 0 3 174 0 3 174 0 3 174 0 3 174 0 3 174 0 3 174 0 3
"213" 62 0.8 76.5 160 0.1 5.8 160 0.1 5.8 160 0.1 5.8 160 0.1 5.8 160 0.1 5.8 160 0.1 5.8 160 0.1 5.8 160 0.1 5.8 160 0.1 5.8 160 0.1 5.8
"214" 169 0.1 3.6 169 0.1 3.6 169 0.1 3.6 169 0.1 3.6 169 0.1 3.6 169 0.1 3.6 169 0.1 3.6 169 0.1 3.6 169 0.1 3.6 169 0.1 3.6 169 0.1 3.6
"215" 249 0 2 249 0 2 34 0.1 9.4 73 0 2.2 1 0.1 5.1 73 0 2.2 249 0 2 249 0 2 249 0 2 249 0 2 73 0 2.2
"216" 77 0.1 6.1 139 0.1 9.8 139 0.1 9.8 110 0.1 9.4 24 0.1 10 24 0.1 10 24 0.1 10 24 0.1 10 24 0.1 10 17 0.1 3.2 24 0.1 10
"217" 141 0 1 141 0 1 141 0 1 47 0.1 11.7 141 0 1 141 0 1 141 0 1 141 0 1 141 0 1 141 0 1 141 0 1
"218" 187 0.1 7.3 81 0.1 7.1 81 0.1 7.1 187 0.1 7.3 187 0.1 7.3 81 0.1 7.1 81 0.1 7.1 81 0.1 7.1 81 0.1 7.1 81 0.1 7.1 81 0.1 7.1
"219" 18 0.2 16.1 18 0.2 16.1 18 0.2 16.1 18 0.2 16.1 18 0.2 16.1 18 0.2 16.1 18 0.2 16.1 18 0.2 16.1 18 0.2 16.1 18 0.2 16.1 18 0.2 16.1
"220" 42 0.1 6.1 42 0.1 6.1 42 0.1 6.1 133 0.1 3.6 42 0.1 6.1 133 0.1 3.6 133 0.1 3.6 42 0.1 6.1 42 0.1 6.1 42 0.1 6.1 42 0.1 6.1
"221" 58 0 3.6 58 0 3.6 176 0.1 3.6 58 0 3.6 176 0.1 3.6 58 0 3.6 58 0 3.6 58 0 3.6 58 0 3.6 58 0 3.6 58 0 3.6
"222" 152 0.2 6.4 152 0.2 6.4 61 0.1 4.1 30 0.2 12 152 0.2 6.4 158 0.1 5.7 152 0.2 6.4 152 0.2 6.4 152 0.2 6.4 152 0.2 6.4 152 0.2 6.4
"223" 39 0.1 2 39 0.1 2 161 0.1 3.2 39 0.1 2 39 0.1 2 39 0.1 2 195 0.1 9.4 161 0.1 3.2 161 0.1 3.2 161 0.1 3.2 161 0.1 3.2
"224" 10 0.1 4.5 10 0.1 4.5 184 0.1 11 10 0.1 4.5 184 0.1 11 10 0.1 4.5 10 0.1 4.5 10 0.1 4.5 10 0.1 4.5 10 0.1 4.5 10 0.1 4.5
"225" 15 0.1 6.1 15 0.1 6.1 55 0.2 12.2 173 0.1 7.1 15 0.1 6.1 145 0.1 2.8 15 0.1 6.1 33 0 1 15 0.1 6.1 145 0.1 2.8 145 0.1 2.8
"226" 116 0 2.2 159 0.1 7.1 242 0 3.2 116 0 2.2 116 0 2.2 116 0 2.2 116 0 2.2 172 0.1 4.1 116 0 2.2 116 0 2.2 116 0 2.2
"227" 233 0.1 4.1 233 0.1 4.1 233 0.1 4.1 143 0 3.2 233 0.1 4.1 233 0.1 4.1 233 0.1 4.1 233 0.1 4.1 233 0.1 4.1 233 0.1 4.1 233 0.1 4.1
"228" 138 0.1 5 138 0.1 5 138 0.1 5 138 0.1 5 138 0.1 5 138 0.1 5 138 0.1 5 138 0.1 5 138 0.1 5 138 0.1 5 231 0.1 4.5
"229" 142 0.1 4.5 142 0.1 4.5 142 0.1 4.5 142 0.1 4.5 142 0.1 4.5 142 0.1 4.5 142 0.1 4.5 142 0.1 4.5 142 0.1 4.5 142 0.1 4.5 142 0.1 4.5
"230" 30 0 4.5 30 0 4.5 30 0 4.5 152 0.1 5 30 0 4.5 30 0 4.5 30 0 4.5 30 0 4.5 30 0 4.5 30 0 4.5 30 0 4.5
"231" 228 0.1 4.5 228 0.1 4.5 228 0.1 4.5 228 0.1 4.5 228 0.1 4.5 228 0.1 4.5 228 0.1 4.5 228 0.1 4.5 228 0.1 4.5 228 0.1 4.5 91 0.2 13.4
"232" 27 0.1 4.5 27 0.1 4.5 27 0.1 4.5 141 0 2.2 47 0.1 8.5 27 0.1 4.5 27 0.1 4.5 27 0.1 4.5 27 0.1 4.5 27 0.1 4.5 27 0.1 4.5
"233" 175 0.1 8.1 175 0.1 8.1 79 0.1 11 175 0.1 8.1 129 0.1 8.5 175 0.1 8.1 175 0.1 8.1 175 0.1 8.1 129 0.1 8.5 175 0.1 8.1 175 0.1 8.1
"234" 179 0 4.5 179 0 4.5 179 0 4.5 179 0 4.5 179 0 4.5 178 0.1 2.8 178 0.1 2.8 178 0.1 2.8 179 0 4.5 178 0.1 2.8 178 0.1 2.8
"235" 95 0.2 9.1 130 0.2 4.5 37 0 4.1 37 0 4.1 130 0.2 4.5 130 0.2 4.5 130 0.2 4.5 130 0.2 4.5 130 0.2 4.5 130 0.2 4.5 130 0.2 4.5
"236" 90 0.2 7.8 22 0.3 6.3 90 0.2 7.8 22 0.3 6.3 90 0.2 7.8 22 0.3 6.3 90 0.2 7.8 22 0.3 6.3 22 0.3 6.3 22 0.3 6.3 90 0.2 7.8
"237" 166 0.1 5 166 0.1 5 166 0.1 5 144 0 0 144 0 0 144 0 0 8 0.1 5 144 0 0 166 0.1 5 166 0.1 5 166 0.1 5
"238" 181 0 2 181 0 2 181 0 2 98 0.1 11 181 0 2 98 0.1 11 181 0 2 181 0 2 181 0 2 181 0 2 181 0 2
"239" 137 0 4.1 137 0 4.1 148 0.1 4.1 137 0 4.1 148 0.1 4.1 137 0 4.1 137 0 4.1 151 0.1 4.2 137 0 4.1 137 0 4.1 137 0 4.1
"240" 110 0.2 13 74 0.2 6.7 74 0.2 6.7 74 0.2 6.7 74 0.2 6.7 77 0.1 5 77 0.1 5 77 0.1 5 77 0.1 5 74 0.2 6.7 77 0.1 5
"241" 103 0 2.2 103 0 2.2 75 0.1 12 103 0 2.2 154 0.2 11.2 103 0 2.2 103 0 2.2 75 0.1 12 103 0 2.2 103 0 2.2 103 0 2.2
"242" 156 0 1 156 0 1 115 0.1 3 45 0.3 10 115 0.1 3 156 0 1 45 0.3 10 156 0 1 45 0.3 10 45 0.3 10 45 0.3 10
"243" 25 0.2 8 25 0.2 8 25 0.2 8 25 0.2 8 25 0.2 8 25 0.2 8 25 0.2 8 25 0.2 8 25 0.2 8 25 0.2 8 25 0.2 8
"244" 132 0.1 10 132 0.1 10 132 0.1 10 132 0.1 10 132 0.1 10 132 0.1 10 132 0.1 10 93 0 1 93 0 1 132 0.1 10 132 0.1 10
"245" 101 0.3 32 101 0.3 32 21 0.2 16.1 21 0.2 16.1 108 0.3 17.1 108 0.3 17.1 101 0.3 32 200 0.5 11.4 108 0.3 17.1 108 0.3 17.1 101 0.3 32
"246" 104 0.3 9.4 178 0.1 6.3 178 0.1 6.3 178 0.1 6.3 178 0.1 6.3 72 0.2 5.8 72 0.2 5.8 72 0.2 5.8 104 0.3 9.4 104 0.3 9.4 48 0.2 12.1
"247" 229 0.1 8.2 229 0.1 8.2 188 0.2 7.6 229 0.1 8.2 229 0.1 8.2 229 0.1 8.2 229 0.1 8.2 229 0.1 8.2 229 0.1 8.2 229 0.1 8.2 229 0.1 8.2
"248" 237 0.1 6.7 8 0 2 8 0 2 162 0 2.2 8 0 2 8 0 2 166 0.1 6.3 8 0 2 8 0 2 8 0 2 8 0 2
"249" 34 0.1 7.8 73 0 4.1 73 0 4.1 215 0 2 215 0 2 215 0 2 34 0.1 7.8 121 0.1 8 34 0.1 7.8 34 0.1 7.8 215 0 2
"250" 105 0.1 9.5 105 0.1 9.5 105 0.1 9.5 105 0.1 9.5 105 0.1 9.5 193 0.1 8.2 105 0.1 9.5 105 0.1 9.5 105 0.1 9.5 105 0.1 9.5 105 0.1 9.5
